1 1
1 2
1 3
1 4
1 5
1 6
1 7
1 8
1 9
1 10
1 10
1 20
1 30
1 40
1 50
1 60
1 70
1 80
1 90
1 100
2 1
2 2
2 3
2 4
2 5
2 6
2 7
2 8
2 9
2 10
2 10
2 20
2 30
2 40
2 50
2 60
2 70
2 80
2 90
2 100
3 1
3 2
3 3
3 4
3 5
3 6
3 7
3 8
3 9
3 10
3 10
3 20
3 30
3 40
3 50
3 60
3 70
3 80
3 90
3 100
4 1
4 2
4 3
4 4
4 5
4 6
4 7
4 8
4 9
4 10
4 10
4 20
4 30
4 40
4 50
4 60
4 70
4 80
4 90
4 100
5 1
5 2
5 3
5 4
5 5
5 6
5 7
5 8
5 9
5 10
5 10
5 20
5 30
5 40
5 50
5 60
5 70
5 80
5 90
5 100
6 1
6 2
6 3
6 4
6 5
6 6
6 7
6 8
6 9
6 10
6 10
6 20
6 30
6 40
6 50
6 60
6 70
6 80
6 90
6 100
7 1
7 2
7 3
7 4
7 5
7 6
7 7
7 8
7 9
7 10
7 10
7 20
7 30
7 40
7 50
7 60
7 70
7 80
7 90
7 100
8 1
8 2
8 3
8 4
8 5
8 6
8 7
8 8
8 9
8 10
8 10
8 20
8 30
8 40
8 50
8 60
8 70
8 80
8 90
8 100
9 1
9 2
9 3
9 4
9 5
9 6
9 7
9 8
9 9
9 10
9 10
9 20
9 30
9 40
9 50
9 60
9 70
9 80
9 90
9 100
10 1
10 2
10 3
10 4
10 5
10 6
10 7
10 8
10 9
10 10
10 10
10 20
10 30
10 40
10 50
10 60
10 70
10 80
10 90
10 100
10 1
10 2
10 3
10 4
10 5
10 6
10 7
10 8
10 9
10 10
10 10
10 20
10 30
10 40
10 50
10 60
10 70
10 80
10 90
10 100
20 1
20 2
20 3
20 4
20 5
20 6
20 7
20 8
20 9
20 10
20 10
20 20
20 30
20 40
20 50
20 60
20 70
20 80
20 90
20 100
30 1
30 2
30 3
30 4
30 5
30 6
30 7
30 8
30 9
30 10
30 10
30 20
30 30
30 40
30 50
30 60
30 70
30 80
30 90
30 100
40 1
40 2
40 3
40 4
40 5
40 6
40 7
40 8
40 9
40 10
40 10
40 20
40 30
40 40
40 50
40 60
40 70
40 80
40 90
40 100
50 1
50 2
50 3
50 4
50 5
50 6
50 7
50 8
50 9
50 10
50 10
50 20
50 30
50 40
50 50
50 60
50 70
50 80
50 90
50 100
60 1
60 2
60 3
60 4
60 5
60 6
60 7
60 8
60 9
60 10
60 10
60 20
60 30
60 40
60 50
60 60
60 70
60 80
60 90
60 100
70 1
70 2
70 3
70 4
70 5
70 6
70 7
70 8
70 9
70 10
70 10
70 20
70 30
70 40
70 50
70 60
70 70
70 80
70 90
70 100
80 1
80 2
80 3
80 4
80 5
80 6
80 7
80 8
80 9
80 10
80 10
80 20
80 30
80 40
80 50
80 60
80 70
80 80
80 90
80 100
90 1
90 2
90 3
90 4
90 5
90 6
90 7
90 8
90 9
90 10
90 10
90 20
90 30
90 40
90 50
90 60
90 70
90 80
90 90
90 100
100 1
100 2
100 3
100 4
100 5
100 6
100 7
100 8
100 9
100 10
100 10
100 20
100 30
100 40
100 50
100 60
100 70
100 80
100 90
100 100
1234 4321
